~o <VecSize> 12 <MFCC>
~h "proto"
<BeginHMM>
  <NumStates> 16
  <State> 2
    <Mean> 12
      0.0 0.0 0.0 0.0 0.0 0.0 0.0 0.0 0.0 0.0 0.0 0.0 
    <Variance> 12
      1.0 1.0 1.0 1.0 1.0 1.0 1.0 1.0 1.0 1.0 1.0 1.0 
  <State> 3
    <Mean> 12
      0.0 0.0 0.0 0.0 0.0 0.0 0.0 0.0 0.0 0.0 0.0 0.0 
    <Variance> 12
      1.0 1.0 1.0 1.0 1.0 1.0 1.0 1.0 1.0 1.0 1.0 1.0 
  <State> 4
    <Mean> 12
      0.0 0.0 0.0 0.0 0.0 0.0 0.0 0.0 0.0 0.0 0.0 0.0 
    <Variance> 12
      1.0 1.0 1.0 1.0 1.0 1.0 1.0 1.0 1.0 1.0 1.0 1.0 
  <State> 5
    <Mean> 12
      0.0 0.0 0.0 0.0 0.0 0.0 0.0 0.0 0.0 0.0 0.0 0.0 
    <Variance> 12
      1.0 1.0 1.0 1.0 1.0 1.0 1.0 1.0 1.0 1.0 1.0 1.0 
  <State> 6
    <Mean> 12
      0.0 0.0 0.0 0.0 0.0 0.0 0.0 0.0 0.0 0.0 0.0 0.0 
    <Variance> 12
      1.0 1.0 1.0 1.0 1.0 1.0 1.0 1.0 1.0 1.0 1.0 1.0 
  <State> 7
    <Mean> 12
      0.0 0.0 0.0 0.0 0.0 0.0 0.0 0.0 0.0 0.0 0.0 0.0 
    <Variance> 12
      1.0 1.0 1.0 1.0 1.0 1.0 1.0 1.0 1.0 1.0 1.0 1.0 
  <State> 8
    <Mean> 12
      0.0 0.0 0.0 0.0 0.0 0.0 0.0 0.0 0.0 0.0 0.0 0.0 
    <Variance> 12
      1.0 1.0 1.0 1.0 1.0 1.0 1.0 1.0 1.0 1.0 1.0 1.0 
  <State> 9
    <Mean> 12
      0.0 0.0 0.0 0.0 0.0 0.0 0.0 0.0 0.0 0.0 0.0 0.0 
    <Variance> 12
      1.0 1.0 1.0 1.0 1.0 1.0 1.0 1.0 1.0 1.0 1.0 1.0 
  <State> 10
    <Mean> 12
      0.0 0.0 0.0 0.0 0.0 0.0 0.0 0.0 0.0 0.0 0.0 0.0 
    <Variance> 12
      1.0 1.0 1.0 1.0 1.0 1.0 1.0 1.0 1.0 1.0 1.0 1.0 
  <State> 11
    <Mean> 12
      0.0 0.0 0.0 0.0 0.0 0.0 0.0 0.0 0.0 0.0 0.0 0.0 
    <Variance> 12
      1.0 1.0 1.0 1.0 1.0 1.0 1.0 1.0 1.0 1.0 1.0 1.0 
  <State> 12
    <Mean> 12
      0.0 0.0 0.0 0.0 0.0 0.0 0.0 0.0 0.0 0.0 0.0 0.0 
    <Variance> 12
      1.0 1.0 1.0 1.0 1.0 1.0 1.0 1.0 1.0 1.0 1.0 1.0 
  <State> 13
    <Mean> 12
      0.0 0.0 0.0 0.0 0.0 0.0 0.0 0.0 0.0 0.0 0.0 0.0 
    <Variance> 12
      1.0 1.0 1.0 1.0 1.0 1.0 1.0 1.0 1.0 1.0 1.0 1.0 
  <State> 14
    <Mean> 12
      0.0 0.0 0.0 0.0 0.0 0.0 0.0 0.0 0.0 0.0 0.0 0.0 
    <Variance> 12
      1.0 1.0 1.0 1.0 1.0 1.0 1.0 1.0 1.0 1.0 1.0 1.0 
  <State> 15
    <Mean> 12
      0.0 0.0 0.0 0.0 0.0 0.0 0.0 0.0 0.0 0.0 0.0 0.0 
    <Variance> 12
      1.0 1.0 1.0 1.0 1.0 1.0 1.0 1.0 1.0 1.0 1.0 1.0 
<TransP> 16
  0.000e+0  1.000e+0  0.000e+0  0.000e+0  0.000e+0  0.000e+0  0.000e+0  0.000e+0  0.000e+0  0.000e+0  0.000e+0  0.000e+0  0.000e+0  0.000e+0  0.000e+0  0.000e+0
  0.000e+0  6.000e-1  4.000e-1  0.000e+0  0.000e+0  0.000e+0  0.000e+0  0.000e+0  0.000e+0  0.000e+0  0.000e+0  0.000e+0  0.000e+0  0.000e+0  0.000e+0  0.000e+0
  0.000e+0  0.000e+0  6.000e-1  4.000e-1  0.000e+0  0.000e+0  0.000e+0  0.000e+0  0.000e+0  0.000e+0  0.000e+0  0.000e+0  0.000e+0  0.000e+0  0.000e+0  0.000e+0
  0.000e+0  0.000e+0  0.000e+0  6.000e-1  4.000e-1  0.000e+0  0.000e+0  0.000e+0  0.000e+0  0.000e+0  0.000e+0  0.000e+0  0.000e+0  0.000e+0  0.000e+0  0.000e+0
  0.000e+0  0.000e+0  0.000e+0  0.000e+0  6.000e-1  4.000e-1  0.000e+0  0.000e+0  0.000e+0  0.000e+0  0.000e+0  0.000e+0  0.000e+0  0.000e+0  0.000e+0  0.000e+0
  0.000e+0  0.000e+0  0.000e+0  0.000e+0  0.000e+0  6.000e-1  4.000e-1  0.000e+0  0.000e+0  0.000e+0  0.000e+0  0.000e+0  0.000e+0  0.000e+0  0.000e+0  0.000e+0
  0.000e+0  0.000e+0  0.000e+0  0.000e+0  0.000e+0  0.000e+0  6.000e-1  4.000e-1  0.000e+0  0.000e+0  0.000e+0  0.000e+0  0.000e+0  0.000e+0  0.000e+0  0.000e+0
  0.000e+0  0.000e+0  0.000e+0  0.000e+0  0.000e+0  0.000e+0  0.000e+0  6.000e-1  4.000e-1  0.000e+0  0.000e+0  0.000e+0  0.000e+0  0.000e+0  0.000e+0  0.000e+0
  0.000e+0  0.000e+0  0.000e+0  0.000e+0  0.000e+0  0.000e+0  0.000e+0  0.000e+0  6.000e-1  4.000e-1  0.000e+0  0.000e+0  0.000e+0  0.000e+0  0.000e+0  0.000e+0
  0.000e+0  0.000e+0  0.000e+0  0.000e+0  0.000e+0  0.000e+0  0.000e+0  0.000e+0  0.000e+0  6.000e-1  4.000e-1  0.000e+0  0.000e+0  0.000e+0  0.000e+0  0.000e+0
  0.000e+0  0.000e+0  0.000e+0  0.000e+0  0.000e+0  0.000e+0  0.000e+0  0.000e+0  0.000e+0  0.000e+0  6.000e-1  4.000e-1  0.000e+0  0.000e+0  0.000e+0  0.000e+0
  0.000e+0  0.000e+0  0.000e+0  0.000e+0  0.000e+0  0.000e+0  0.000e+0  0.000e+0  0.000e+0  0.000e+0  0.000e+0  6.000e-1  4.000e-1  0.000e+0  0.000e+0  0.000e+0
  0.000e+0  0.000e+0  0.000e+0  0.000e+0  0.000e+0  0.000e+0  0.000e+0  0.000e+0  0.000e+0  0.000e+0  0.000e+0  0.000e+0  6.000e-1  4.000e-1  0.000e+0  0.000e+0
  0.000e+0  0.000e+0  0.000e+0  0.000e+0  0.000e+0  0.000e+0  0.000e+0  0.000e+0  0.000e+0  0.000e+0  0.000e+0  0.000e+0  0.000e+0  6.000e-1  4.000e-1  0.000e+0
  0.000e+0  0.000e+0  0.000e+0  0.000e+0  0.000e+0  0.000e+0  0.000e+0  0.000e+0  0.000e+0  0.000e+0  0.000e+0  0.000e+0  0.000e+0  0.000e+0  7.000e-1  3.000e-1
  0.000e+0  0.000e+0  0.000e+0  0.000e+0  0.000e+0  0.000e+0  0.000e+0  0.000e+0  0.000e+0  0.000e+0  0.000e+0  0.000e+0  0.000e+0  0.000e+0  0.000e+0  0.000e+0
<EndHMM>
